0000000000000000000000000000000000000000000000000000000000000000000000000000000000000000000000000000000
0000000000000000000000000000000000000000000000000000000000000000000000000000000000000000000000000000000
0000000000000000000000000000000000000000000000000000000000000000000000000000000000000000000000000000000
0000000000000000000000000000000000000000000000000000000000000000000000000000000000000000000000000000000
0000000000000000000000000000000000000000000000000000000000000000000000000000000000000000000000000000000
0000000000000000000000000000000000000000000000000000000000000000000000000000000000000000000000000000000
0000000000000000000000000000000000000000000000000000000000000000000000000000000000000000000000000000000
0000000000000000000000000000000000000000000000000000000000000000000000000000000000000000000000000000000
0000000000000000000000000000111111111110000000000000000000000000000000000000000000000000000000000000000
0000000000000000000000002222111111111111110000000000000000000000000000000000000000000000000000000000000
0000000000000000000000332222111111111111111110000000000000000000000000000000000000000000000000000000000
0000000000000000000044332222111111111111111111000000000000000000000000000000500000000000000000000000000
0000000000000000000644332222111111111111111111110000000000000000000000000007550000000000000000000000000
0000000000000000088644332222111111111111111111111000000000000000000000000097550000000000000000000000000
00000000000000001088644332222111111111111111111111100000000000000000000000097555000000000000000000000000
0000000000000001110886443322221111111111111111111111100000000000000000000001297555000000000000000000000000
00000000000000131110886443322221111111111111111111111110000000000000000000001297555500000000000000000000000
0000000000000141311108864433222211111111111111111111111110000000000000000000151297555500000000000000000000000
0000000000000141311108864433222211111111111111111111111111000000000000000000151297555550000000000000000000000
000000000000161413111088644332222111111111111111111111111111000000000000000017151297555550000000000000000000000
0000000000018161413111088644332222111111111111111111111111111000000000000000017151297555555000000000000000000000
00000000000181614131110886443322221111111111111111111111111111000000000000001917151297555555000000000000000000000
000000000020181614131110886443322221111111111111111111111111111000000000000001917151297555555500000000000000000000
0000000000201816141311108864433222211111111111111111111111111111000000000000211917151297555555500000000000000000000
00000000022201816141311108864433222211111111111111111111111111111000000000000211917151297555555550000000000000000000
000000000222018161413111088644332222111111111111111111111111111110000000000023211917151297555555550000000000000000000
000000000222018161413111088644332222111111111111111111111111111111000000000023211917151297555555555000000000000000000
0000000002220181614131110886443322221111111111111111111111111111110000000002423211917151297555555555000000000000000000
0000000002220181614131110886443322221111111111111111111111111111110000000002423211917151297555555555500000000000000000
000000002522201816141311108864433222211111111111111111111111111111100000000262423211917151297555555555500000000000000000
000000002522201816141311108864433222211111111111111111111111111111100000000262423211917151297555555555550000000000000000
0000000025222018161413111088644332222111111111111111111111111111111000000000000000000000000000000000000000000000
0000000025222018161413111088644332222111111111111111111111111111111000000000000000000000000000000000000000000000
0000000025222018161413111088644332222111111111111111111111111111111000000000000000000000000000000000000000000000
0000000025222018161413111088644332222111111111111111111111111111111000000000000000000000000000000000000000000000
000000000222018161413111088644332222111111111111111111111111111111000000000000000000000000000000000000000000000
000000000222018161413111088644332222111111111111111111111111111111000000000000000000000000000000000000000000000
000000000222018161413111088644332222111111111111111111111111111110000000000000000000000000000000000000000000000
000000000222018161413111088644332222111111111111111111111111111110000000000000000000000000000000000000000000000
00000000002018161413111088644332222111111111111111111111111111110000000000000000000000000000000000000000000000
00000000002018161413111088644332222111111111111111111111111111100000000000000000000000000000000000000000000000
00000000002018161413111088644332222111111111111111111111111111100000000000000000000000000000000000000000000000
0000000000018161413111088644332222111111111111111111111111111100000000000000000000000000000000000000000000000
0000000000018161413111088644332222111111111111111111111111111000000000000000000000000000000000000000000000000
000000000000161413111088644332222111111111111111111111111110000000000000000000000000000000000000000000000000
00000000000001413111088644332222111111111111111111111111110000000000000000000000000000000000000000000000000
00000000000000131110886443322221111111111111111111111111000000000000027000000000000000000000000000000000000
000000000000001311108864433222211111111111111111111111100000000000000272700000000000000000000000000000000000
000000000000000111088644332222111111111111111111111110000000000000028272700000000000000000000000000000000000
00000000000000001088644332222111111111111111111111100000000000000028272700000000000000000000000000000000000
00000000000000000086443322221111111111111111111110000000000000000282727270000000000000000000000000000000000
0000000000000000000644332222111111111111111111100000000000029292929292928272727272727272700000000000000000000000000000
0000000000000000000004332222111111111111111111000000000000000292929292827272727272727000000000000000000000000000000
0000000000000000000000032222111111111111111100000000000000000029292928272727272700000000000000000000000000000000
00000000000000000000000002221111111111111000000000000000000000029292827272727000000000000000000000000000000000
00000000000000000000000000000011111100000000000000000000000000029292827272727000000000000000000000000000000000
000000000000000000000000000000000000000000000000000000000000000292928272727272700000000000000000000000000000000
00000000000000000000000000000000000000000000000000000000000000302929280027272700000000000000000000000000000000
00000000000000000000000000000000000000000000000000000000000000302900000272700000000000000000000000000000000
000000000000000000000000000000000000000000000000000000000000003000000002700000000000000000000000000000000
0000000000000000000000000000000000000000000000000000000000000000000000000000000000000000000000000000000
0000000000000000000000000000000000000000000000000000000000000000000000000000000000000000000000000000000
0000000000000000000000000000000000000000000000000000000000000000000000000000000000000000000000000000000
0000000000000000000000000000000000000000000000000000000000000000000000000000000000000000000000000000000
0000000000000000000000000000000000000000000000000000000000000000000000000000000000000000000000000000000
0000000000000000000000000000000000000000000000000000000000000000000000000000000000000000000000000000000
0000000000000000000000000000000000000000000000000000000000000000000000000000000000000000000000000000000
