0000000000000000000000000000000000000000000000000000000000000000000000000000000000000000000000000000000
0000000000000000000000000000000000000000000000000000000000000000000000000000000000000000000000000000000
0000000000000000000000000000000000000000000000000000000000000000000000000000000000000000000000000000000
0000000000000000000000000000000000000000000000000000000000000000000000000000000000000000000000000000000
0000000000000000000000000000000000000000000000000000000000000000000000000000000000000000000000000000000
0000000000000000000000000000000000000000000000000000000000000000000000000000000000000000000000000000000
0000000000000000000000000000000000000000000000000000000000000000000000000000000000000000000000000000000
0000000000000000000000000000000000000000000000000000000000000000000000000000000000000000000000000000000
0000000000000000000000000000111111111110000000000000000000000000000000000000000000000000000000000000000
0000000000000000000000001111111111111111110000000000000000000000000000000000000000000000000000000000000
0000000000000000000000111111111111111111111110000000000000000000000000000000000000000000000000000000000
0000000000000000000011111111111111111111111111000000000000000000000000000000500000000000000000000000000
0000000000000000000111111111111111111111111111110000000000000000000000000005550000000000000000000000000
0000000000000000011111111111111111111111111111111000000000000000000000000055550000000000000000000000000
0000000000000000111111111111111111111111111111111100000000000000000000000055555000000000000000000000000
0000000000000001111111111111111111111111111111111110000000000000000000000555555000000000000000000000000
0000000000000011111111111111111111111111111111111111000000000000000000000555555500000000000000000000000
0000000000000111111111111111111111111111111111111111100000000000000000005555555500000000000000000000000
0000000000000111111111111111111111111111111111111111110000000000000000005555555550000000000000000000000
0000000000001111111111111111111111111111111111111111111000000000000000055555555550000000000000000000000
0000000000011111111111111111111111111111111111111111111000000000000000055555555555000000000000000000000
0000000000011111111111111111111111111111111111111111111100000000000000555555555555000000000000000000000
0000000000111111111111111111111111111111111111111111111100000000000000555555555555500000000000000000000
0000000000111111111111111111111111111111111111111111111110000000000005555555555555500000000000000000000
0000000001111111111111111111111111111111111111111111111110000000000005555555555555550000000000000000000
0000000001111111111111111111111111111111111111111111111110000000000055555555555555550000000000000000000
0000000001111111111111111111111111111111111111111111111111000000000055555555555555555000000000000000000
0000000001111111111111111111111111111111111111111111111111000000000555555555555555555000000000000000000
0000000001111111111111111111111111111111111111111111111111000000000555555555555555555500000000000000000
0000000011111111111111111111111111111111111111111111111111000000005555555555555555555500000000000000000
0000000011111111111111111111111111111111111111111111111111000000005555555555555555555550000000000000000
0000000011111111111111111111111111111111111111111111111111000000000000000000000000000000000000000000000
0000000011111111111111111111111111111111111111111111111111000000000000000000000000000000000000000000000
0000000011111111111111111111111111111111111111111111111111000000000000000000000000000000000000000000000
0000000011111111111111111111111111111111111111111111111111000000000000000000000000000000000000000000000
0000000001111111111111111111111111111111111111111111111111000000000000000000000000000000000000000000000
0000000001111111111111111111111111111111111111111111111111000000000000000000000000000000000000000000000
0000000001111111111111111111111111111111111111111111111110000000000000000000000000000000000000000000000
0000000001111111111111111111111111111111111111111111111110000000000000000000000000000000000000000000000
0000000000111111111111111111111111111111111111111111111110000000000000000000000000000000000000000000000
0000000000111111111111111111111111111111111111111111111100000000000000000000000000000000000000000000000
0000000000111111111111111111111111111111111111111111111100000000000000000000000000000000000000000000000
0000000000011111111111111111111111111111111111111111111100000000000000000000000000000000000000000000000
0000000000011111111111111111111111111111111111111111111000000000000000000000000000000000000000000000000
0000000000001111111111111111111111111111111111111111110000000000000000000000000000000000000000000000000
0000000000000111111111111111111111111111111111111111110000000000000000000000000000000000000000000000000
00000000000000111111111111111111111111111111111111111000000000000027000000000000000000000000000000000000
000000000000001111111111111111111111111111111111111100000000000000272700000000000000000000000000000000000
0000000000000001111111111111111111111111111111111110000000000000027272700000000000000000000000000000000000
0000000000000000111111111111111111111111111111111100000000000000027272700000000000000000000000000000000000
00000000000000000011111111111111111111111111111110000000000000000272727270000000000000000000000000000000000
0000000000000000000111111111111111111111111111100000000000027272727272727272727272727272700000000000000000000000000000
0000000000000000000001111111111111111111111111000000000000000272727272727272727272727000000000000000000000000000000
0000000000000000000000011111111111111111111100000000000000000027272727272727272700000000000000000000000000000000
00000000000000000000000001111111111111111000000000000000000000027272727272727000000000000000000000000000000000
00000000000000000000000000000011111100000000000000000000000000027272727272727000000000000000000000000000000000
000000000000000000000000000000000000000000000000000000000000000272727272727272700000000000000000000000000000000
00000000000000000000000000000000000000000000000000000000000000272727270027272700000000000000000000000000000000
00000000000000000000000000000000000000000000000000000000000000272700000272700000000000000000000000000000000
000000000000000000000000000000000000000000000000000000000000002700000002700000000000000000000000000000000
0000000000000000000000000000000000000000000000000000000000000000000000000000000000000000000000000000000
0000000000000000000000000000000000000000000000000000000000000000000000000000000000000000000000000000000
0000000000000000000000000000000000000000000000000000000000000000000000000000000000000000000000000000000
0000000000000000000000000000000000000000000000000000000000000000000000000000000000000000000000000000000
0000000000000000000000000000000000000000000000000000000000000000000000000000000000000000000000000000000
0000000000000000000000000000000000000000000000000000000000000000000000000000000000000000000000000000000
0000000000000000000000000000000000000000000000000000000000000000000000000000000000000000000000000000000
